Case #1:
4
2
2
2
Case #2:
257
257
260
260
260
260
261
261
261
261
261
262
262
264
265
265
265
265
264
264
264
264
262
262
262
262
262
262
262
262
262
262
262
262
262
262
263
263
262
262
262
263
263
263
263
262
262
264
264
265
264
264
264
263
262
262
265
263
264
264
264
264
265
265
264
264
264
267
266
266
266
267
266
266
266
266
265
265
265
264
264
264
264
264
264
264
264
267
267
267
267
267
267
267
268
269
268
268
268
267
267
267
269
269
269
269
269
270
269
269
268
268
268
268
268
269
269
269
270
270
270
270
270
270
270
270
270
270
271
271
271
271
271
271
271
271
273
274
274
273
273
273
273
269
269
269
269
269
269
269
269
269
269
269
269
269
269
269
269
268
268
267
267
267
267
268
268
268
268
268
268
268
268
268
268
268
268
268
268
268
268
268
269
269
269
269
269
269
269
269
269
270
270
270
272
271
271
271
271
271
271
271
269
269
269
268
268
268
268
271
271
273
274
274
274
274
274
274
274
274
274
274
274
274
274
274
274
274
274
274
274
274
274
272
273
273
272
272
271
274
274
275
275
275
274
274
274
273
272
272
271
271
271
271
271
271
271
272
272
273
273
274
274
274
274
274
275
275
274
274
274
274
274
274
274
274
274
273
273
273
273
273
273
274
274
274
274
274
272
272
271
272
272
272
272
272
274
274
275
273
272
272
272
273
273
273
273
272
273
273
273
273
273
273
273
273
273
272
273
273
273
273
274
274
273
275
275
275
275
276
276
276
276
276
276
276
276
276
276
276
276
275
275
275
275
275
275
275
275
275
274
274
274
274
274
274
273
273
273
273
273
273
273
274
276
275
276
276
276
276
276
276
276
276
276
278
280
280
279
279
279
279
279
279
279
278
278
278
278
277
277
277
277
277
276
276
274
274
274
274
274
274
272
272
272
270
270
271
270
270
270
271
271
270
270
270
271
271
271
272
274
274
274
273
273
271
271
272
273
273
273
276
276
276
276
276
276
274
274
274
274
274
274
272
272
272
272
269
268
268
268
268
268
269
269
269
268
268
268
268
268
268
268
269
271
Case #3:
698
698
698
697
698
698
698
698
697
697
697
697
697
697
697
691
690
690
690
690
693
693
694
694
694
695
695
695
695
695
693
693
692
692
692
693
693
693
692
690
690
691
690
690
690
690
690
690
690
690
690
690
690
690
688
689
687
687
687
687
688
689
689
689
689
689
689
689
689
685
685
685
685
685
684
686
686
687
687
687
689
688
688
688
688
688
688
685
686
686
686
686
686
686
685
685
686
686
686
686
686
686
687
687
687
687
688
688
691
691
691
691
691
692
692
692
692
692
693
694
694
695
695
693
693
694
693
696
697
700
700
698
698
697
697
696
695
695
695
695
695
695
692
692
692
692
692
693
693
695
695
697
697
697
698
698
698
701
701
702
702
701
701
703
703
703
703
702
703
703
703
705
704
703
702
702
702
702
702
702
702
701
702
702
702
704
704
704
704
704
702
702
702
701
702
700
699
699
699
699
699
701
701
701
701
701
701
702
702
702
703
703
702
702
701
701
701
701
701
701
700
699
699
700
700
698
698
700
700
700
700
700
700
700
698
698
698
698
698
697
697
699
699
699
699
698
698
698
698
698
698
697
697
697
698
698
698
698
698
696
696
697
697
697
697
696
696
696
697
696
696
696
696
696
696
696
696
696
695
696
696
696
696
696
696
698
698
698
698
698
697
697
697
697
699
698
698
698
698
700
700
700
701
701
702
703
703
703
703
705
705
705
704
704
704
704
705
705
705
705
705
706
706
706
706
706
710
710
710
707
707
707
707
704
704
704
704
704
704
705
705
705
705
704
704
704
704
708
708
708
709
709
709
709
709
708
707
707
707
706
704
704
704
705
707
708
708
708
708
708
708
708
708
709
709
711
711
713
713
718
718
718
718
716
716
716
716
716
716
716
716
715
715
715
715
715
714
714
714
715
715
715
717
718
718
717
719
719
719
719
718
718
718
718
718
719
719
719
718
719
719
719
719
719
719
717
717
717
717
717
717
717
717
717
718
717
717
717
717
716
716
717
718
718
718
718
718
720
720
720
719
719
717
717
718
717
718
718
718
718
719
716
716
716
714
714
714
714
714
711
711
711
711
711
708
708
707
707
707
707
707
707
707
707
707
706
707
707
707
707
707
707
707
707
707
706
703
704
704
704
703
703
703
703
703
704
704
706
Case #4:
32
32
32
31
31
31
30
30
30
31
31
31
30
Case #5:
223
223
221
220
220
222
222
219
219
219
219
219
219
219
219
221
221
221
221
221
221
221
221
222
222
219
219
219
219
219
219
219
219
217
217
217
218
218
219
219
219
219
Case #6:
28
28
28
28
28
28
28
28
29
29
29
29
29
29
29
29
29
30
30
28
28
28
28
28
28
28
28
28
27
27
26
26
26
26
25
25
25
25
25
25
25
25
25
25
25
25
25
25
25
20
20
20
20
22
22
23
24
24
25
25
25
25
25
25
26
26
27
27
27
26
26
26
26
26
26
26
26
26
26
26
26
26
25
25
25
25
24
23
23
24
24
25
26
26
26
27
27
27
28
28
28
27
28
28
28
28
28
28
28
28
27
27
27
27
27
26
26
26
26
26
26
26
26
25
25
25
25
25
26
26
26
25
24
24
24
24
24
24
25
25
25
25
25
26
26
26
26
26
26
25
25
25
25
25
25
25
25
24
24
24
24
24
24
24
24
24
24
24
23
23
23
23
23
23
24
24
24
24
24
24
24
24
24
24
24
25
25
25
25
25
25
25
25
25
25
25
25
25
25
25
25
24
24
24
24
24
24
24
24
24
24
24
24
25
25
25
25
25
25
23
23
23
23
24
24
24
24
26
26
26
26
26
26
26
26
26
Case #7:
70
70
70
72
74
74
74
74
74
74
74
74
74
73
74
74
74
74
74
74
74
74
74
74
73
72
72
72
72
72
73
73
73
73
74
74
74
74
72
72
72
72
74
74
74
74
75
76
76
76
76
77
77
77
77
77
77
77
77
76
78
77
76
76
77
77
77
77
77
77
77
76
76
75
74
74
74
76
76
76
78
78
78
78
79
79
79
80
80
80
80
82
83
83
83
83
83
83
83
83
83
83
83
82
82
80
79
77
77
77
76
76
76
78
79
79
79
79
79
79
80
80
80
81
81
83
82
82
82
82
83
83
84
84
84
84
84
83
83
83
82
82
82
82
81
81
83
83
82
84
85
85
85
85
85
85
85
83
83
83
80
78
78
80
80
80
80
80
80
80
80
80
80
80
80
80
80
79
79
77
77
77
77
78
80
79
79
79
79
79
79
78
78
79
79
79
79
78
79
79
79
79
79
79
79
79
78
78
78
78
78
78
78
77
77
77
76
76
76
77
75
75
75
75
75
75
75
75
74
74
74
74
74
74
73
73
73
73
73
73
72
72
72
73
73
73
73
73
73
72
72
72
72
72
72
72
71
71
69
70
70
70
70
69
69
69
70
69
69
69
69
69
69
69
69
68
68
68
68
68
68
68
71
72
71
71
70
70
72
72
72
72
72
73
74
74
74
74
74
74
74
73
73
73
75
75
75
74
72
72
72
72
72
72
73
73
73
73
73
73
73
73
73
73
70
70
70
69
69
69
68
68
70
71
71
71
71
71
71
71
72
72
71
70
70
70
70
70
70
71
71
71
71
70
70
72
73
72
71
71
71
71
71
71
73
71
71
71
71
71
71
71
71
71
72
72
72
72
73
73
73
73
73
73
72
72
70
70
70
70
70
70
70
70
70
71
71
73
73
73
73
73
73
73
72
72
72
72
71
71
71
71
71
71
71
71
74
73
73
73
73
73
73
73
74
74
74
74
74
74
74
74
73
73
73
73
72
71
71
71
71
72
72
72
72
73
73
73
73
73
73
73
73
73
73
75
75
75
75
75
74
74
74
74
74
74
74
71
71
71
71
71
71
71
72
72
72
Case #8:
21
21
21
22
22
22
22
23
23
23
23
23
23
23
23
22
22
23
24
24
22
22
22
24
24
24
24
24
24
24
24
24
23
23
23
22
22
22
26
26
26
26
26
26
26
26
28
28
28
Case #9:
362
360
360
359
359
359
359
357
356
355
355
355
356
355
355
353
352
352
352
353
353
353
353
353
353
352
352
352
353
353
352
352
353
352
352
352
352
352
352
352
353
353
353
354
354
355
355
353
351
351
351
351
351
351
351
352
352
352
352
352
352
Case #10:
302
302
302
302
302
302
302
302
302
302
302
302
302
301
302
303
303
303
304
303
303
303
303
303
305
304
305
305
302
302
302
302
302
302
301
301
301
301
301
301
301
301
301
301
301
301
300
298
300
300
299
299
299
299
299
299
299
298
298
297
298
298
298
299
299
298
298
298
298
298
298
298
298
298
298
298
298
298
298
298
298
297
298
297
297
298
298
299
298
295
295
296
295
296
296
296
295
295
295
295
295
295
295
294
294
293
293
293
293
293
291
291
291
291
291
291
290
290
290
290
290
290
290
290
291
290
289
289
289
291
291
290
289
289
289
291
292
292
292
292
291
289
289
288
289
289
289
289
289
289
289
289
289
289
288
288
290
290
290
290
290
290
290
290
290
290
290
290
290
290
291
291
291
291
292
292
292
292
292
292
292
292
293
293
292
292
292
292
292
292
293
293
295
295
295
294
294
294
294
295
294
293
294
294
294
294
295
295
295
296
298
298
299
299
299
300
299
298
297
297
297
298
300
300
301
301
299
299
296
295
295
295
295
295
292
292
293
293
293
293
293
293
293
295
295
295
295
296
295
295
295
295
295
295
295
300
300
300
300
300
299
299
299
299
298
298
298
299
299
300
300
300
299
299
299
299
299
299
299
299
299
299
299
299
300
300
300
300
299
299
299
298
299
299
299
299
299
300
300
300
300
300
300
300
300
300
302
302
302
302
302
303
303
305
305
306
305
306
306
306
306
306
306
306
306
306
